t100k_custom_barrier_time = [0.24005442616666667, 0.24374336283333334, 0.2524764835, 0.25373740666666666, 0.24710775866666668, 0.24505448483333334, 0.24618306083333333, 0.25932529233333335, 0.24758377716666669, 0.24618774466666668, 0.24341611966666668, 0.25104658983333333, 0.24898141716666666, 0.24557204233333332, 0.24714564433333333, 0.24995502666666666, 0.245527508, 0.24964711383333332, 0.24368625266666666, 0.25293525916666665, 0.24670525733333334, 0.24798402416666665, 0.22051072866666666, 0.22079348000000001, 0.22086871516666667, 0.22034032566666667, 0.21952612883333333, 0.22297845516666667, 0.22006678433333332, 0.21986793466666665, 0.22151847933333335, 0.220382382, 0.22181003983333333] 
t100k_custom_barrier_speedup = [0.9848654887510143, 0.9507991510293142, 0.9460742478621796, 0.9714564506672795, 0.9795961348348009, 0.9751053762760072, 0.9256884432934672, 0.9695886738373353, 0.9750868244546275, 0.9861895198041793, 0.9562146465563853, 0.9641459547399703, 0.9775315784555916, 0.971307533313828, 0.9603904725100681, 0.9777088853386915, 0.9615750107446833, 0.9850963012469649, 0.949074585162868, 0.9730413885842714, 0.9680237546485229, 1.0886292364012051, 1.0872351220093395, 1.0868647738794628, 1.089471141700243, 1.0935118632229817, 1.0765812597779298, 1.0908253460143182, 1.0918118939471733, 1.0836767518859727, 1.0892632341484842, 1.0822523017760695]

big_vec_custom_barrier_time = [0.6204770393333333, 0.4144049005, 0.41703574666666665, 0.42620579000000003, 0.44942755749999996, 0.484387696, 0.5461526868333333, 0.5928204283333334, 0.6539907171666667, 0.6499167908333333, 0.653284774, 0.6431067293333333, 0.640818874, 0.6410087263333333, 0.6375249188333334, 0.6422291271666667, 0.6440942801666667, 0.6447996591666667, 0.6401441335, 0.6395505615, 0.6434773633333334, 0.6394659545, 0.6428919718333332, 0.6408941943333333, 0.6431107746666667, 0.6462251341666667, 0.6431926698333333, 0.6459828596666667, 0.6435764401666667, 0.6444167706666667, 0.6464045503333333, 0.6406774641666666, 0.6409347378333333]

big_vec_custom_barrier_speedup = [1.4972724467898355, 1.487826989155622, 1.4558156033810177, 1.3805941112841826, 1.2809512802598795, 1.1360871314777239, 1.0466525944083174, 0.948755116925012, 0.9547022758678817, 0.9497803469905045, 0.964811921617647, 0.9682564988454652, 0.9679697230996459, 0.9732592734865994, 0.9661303311961302, 0.9633326338075504, 0.9622787954559906, 0.9692770844291949, 0.9701766782567876, 0.9642562033870872, 0.9703050412097167, 0.965134216194862, 0.9681427056438885, 0.9648058527007812, 0.9601561538355567, 0.9646830078055986, 0.960516258362498, 0.9641077587809905, 0.9628505457600567, 0.9598896527157337, 0.9684702116694426, 0.9680814640049674]

test_03_custom_barrier_time = [0.002258234333333333, 0.002418226, 0.0032287319999999998, 0.0031548158333333334, 0.0032768433333333334, 0.0033464283333333334, 0.0035596293333333335, 0.0035046075, 0.0035215275, 0.0035275315, 0.003694718666666667, 0.0035752951666666666, 0.0035061253333333333, 0.0036379181666666665, 0.0035828805, 0.0036786756666666665, 0.0036861775, 0.003705525, 0.0036282753333333334, 0.0036564261666666665, 0.0036863476666666667, 0.0037867685, 0.0037469508333333335, 0.003942430333333333, 0.0038065248333333333, 0.003836427166666667, 0.003844313, 0.0038776451666666665, 0.0038346106666666668, 0.0038924605, 0.003932015833333333, 0.003963996666666667, 0.003921192333333334]

test_03_custom_barrier_speedup = [0.933839241383284, 0.6994183268643336, 0.7158054392504157, 0.6891493134144344, 0.6748192724880308, 0.6344015406847604, 0.6443615535643672, 0.641265568232346, 0.6401741085326476, 0.6112060313838961, 0.6316217901076792, 0.6440826036262631, 0.6207490740239758, 0.6302845806142107, 0.6138715499699303, 0.6126222444072033, 0.6094235859516083, 0.6223988330176339, 0.6176069829934576, 0.6125939649570039, 0.596348663334802, 0.6026858728019071, 0.5728025969767717, 0.593253540226039, 0.5886295334769593, 0.5874220786219367, 0.5823726092180258, 0.5889083741834894, 0.5801560050084857, 0.5743197456605698, 0.569686234179477, 0.5759050159658069]

t1m_custom_barrier_time = [2.143639841166667, 2.1554211935, 2.1474936848333335, 2.1473389895, 2.190969435, 2.4465999353333334, 2.5992027970000002, 2.2896960706666665, 2.161453185, 2.176795098, 2.1708470563333333, 2.1553156435, 2.1475592808333333, 2.1509413116666667, 2.161565313666667, 2.1606421946666665, 2.1564902728333335, 2.1524503226666667, 2.1754140218333333, 2.159354075, 2.1571174061666665, 2.1593167138333333, 2.1539808541666665, 2.146862254, 2.158777338666667, 2.148443271666667, 2.1707326714999997, 2.1725978748333334, 2.146931391, 2.1556321226666664, 2.1606737823333333, 2.1535953273333335, 2.1647480496666667]

t1m_custom_barrier_speedup = [0.9945340834687616, 0.9982054225845298, 0.9982773337831515, 0.9783978758091013, 0.8761709710723955, 0.8247297377645392, 0.9362115210961278, 0.9917586261146187, 0.9847687745788313, 0.9874670050627055, 0.9945827877375897, 0.9981749329568469, 0.9966054534075863, 0.991707179798517, 0.9921308796329312, 0.9940410435286671, 0.995906766624428, 0.9853939616331567, 0.992722715549402, 0.9937520484691883, 0.9927398919453385, 0.9951991156374506, 0.9984990127674334, 0.9929879301450564, 0.9977642274462878, 0.9875190387609492, 0.9866712409129609, 0.9984668583974639, 0.9944367680487317, 0.9921163753149856, 0.9953772716534476, 0.9902491153632174]

med_custom_barrier_time = [0.0017332255, 0.0020369191666666665, 0.0022433995, 0.0023754873333333335, 0.0030548365, 0.0032219375, 0.003263006666666667, 0.003380955, 0.00339682, 0.0034209725, 0.0036959635, 0.0034424076666666665, 0.003460187333333333, 0.003576495, 0.003549600333333333, 0.0034955908333333336, 0.0035405161666666666, 0.003579828833333333, 0.0035910135, 0.0036164585, 0.0036076608333333333, 0.0036634099999999998, 0.007716765833333333, 0.0038180563333333334, 0.0037615848333333334, 0.0037863688333333334, 0.0037859235, 0.0037912075, 0.0038304475, 0.00384336, 0.0039241225, 0.0038929215, 0.003997728666666667]

med_custom_barrier_speedup = [0.8509053910255808, 0.772588876836248, 0.729629443053229, 0.5673709542229183, 0.5379451029078001, 0.531174366790547, 0.5126437648534216, 0.510249439181352, 0.5066470133858135, 0.4689509244341834, 0.5034922263226039, 0.5009051051378529, 0.48461566421873936, 0.4882875076733991, 0.4958319158730677, 0.48954034338778385, 0.4841643499435472, 0.48265635871321566, 0.47926044222545344, 0.4804291700554815, 0.47311807851155074, 0.22460516976077738, 0.453954931169603, 0.46077001497905873, 0.45775400556372986, 0.4578078505812387, 0.45716978034043243, 0.4524864261943285, 0.45096621185629243, 0.44168486075549374, 0.44522487802541105, 0.4335525605956582]

t10k_custom_barrier_time = [0.0214048105, 0.02155754383333333, 0.02316252, 0.023405148666666667, 0.0237290635, 0.023885485833333334, 0.024203287, 0.02464582183333333, 0.025549074, 0.025344186, 0.0249479935, 0.024998273666666668, 0.025027983333333333, 0.0253606955, 0.025315695333333332, 0.024684377, 0.025518394333333333, 0.025314473833333333, 0.025612896833333332, 0.024940487166666667, 0.025315211833333334, 0.025956735166666668, 0.025359949333333333, 0.02524222866666667, 0.025358144333333332, 0.025294502833333333, 0.02545053283333333, 0.025245246, 0.025972039500000002, 0.025248752166666666, 0.0252511765, 0.02586203533333333, 0.025351470166666668]

t10k_custom_barrier_speedup = [0.9929150864999208, 0.9241140644454922, 0.9145342678589551, 0.9020503695815892, 0.8961429819496728, 0.8843761799791904, 0.8684965202113941, 0.8377920272178944, 0.8445649230951824, 0.857977235724388, 0.8562515470234937, 0.8552351268147187, 0.8440151217461682, 0.8455154092416397, 0.8671399930409425, 0.838799268496295, 0.8455562079198657, 0.8357043968624114, 0.8582354609579499, 0.8455315578997294, 0.8246341599804818, 0.8440399552322975, 0.8479762537079728, 0.8441000342388355, 0.8462238076406285, 0.8410358494328053, 0.8478749028628995, 0.8241482344888624, 0.8477571627582678, 0.847675770671517, 0.8276537489843865, 0.8443222566296795]

test_02_custom_barrier_time = [0.00035020133333333334, 0.0005056559999999999, 0.0009240279999999999, 0.0010261303333333333, 0.0009391055, 0.0010824831666666665, 0.0009415761666666666, 0.0009426436666666667, 0.0010355118333333334, 0.0009692603333333333, 0.0010152538333333334, 0.0010399083333333334, 0.0010306375, 0.0010915658333333334, 0.0010980423333333334, 0.0011094493333333334, 0.0011086583333333334, 0.0011563463333333333, 0.0011559566666666666, 0.001162951, 0.0012082916666666665, 0.001227136, 0.001222475, 0.0012846786666666668, 0.0013272321666666666, 0.0012984095, 0.0013156621666666666, 0.0013146808333333333, 0.0013806776666666666, 0.001366577, 0.0014237158333333334, 0.0014425501666666667, 0.001453769] 

test_02_custom_barrier_speedup = [0.6925683336761225, 0.3789942873303984, 0.3412834821827377, 0.3729094689929229, 0.3235166551473703, 0.37193096610877824, 0.3715097716316275, 0.33819153201371754, 0.3613078151346336, 0.3449396809303683, 0.33676173380666563, 0.3397909869700388, 0.32082474793473287, 0.31893245160250344, 0.3156532910621125, 0.3158785017927074, 0.30285159665256, 0.30295368626851643, 0.3011316326597882, 0.28983178730301046, 0.2853810281283683, 0.28646911661451835, 0.2725983877680437, 0.26385838297821046, 0.2697156277224815, 0.2661787670163047, 0.26637745409690694, 0.25364452673361126, 0.25626169131584486, 0.24597698861956885, 0.24276544513010004, 0.24089200783159728]

test_04_custom_barrier_time = [0.00019875316666666666, 0.000434052, 0.0006261705000000001, 0.0007628555, 0.0007936963333333334, 0.0007993456666666667, 0.0007561086666666667, 0.0008664671666666667, 0.0008359443333333333, 0.0008492616666666667, 0.000904539, 0.0009145198333333334, 0.000921166, 0.0009505195, 0.0009579846666666667, 0.0009972533333333334, 0.0009921806666666666, 0.0010042796666666666, 0.0010290596666666667, 0.0010756591666666667, 0.0011173368333333334, 0.0011216936666666667, 0.0011637285, 0.0011269503333333334, 0.0011900225, 0.0012273496666666667, 0.0012213841666666666, 0.0012727626666666667, 0.0012461771666666666, 0.0013076135, 0.0013514756666666667, 0.001348667, 0.0013224748333333335] 

test_04_custom_barrier_speedup = [0.45790174141961487, 0.3174106200574231, 0.26053842001095445, 0.250414621209035, 0.24864482908312088, 0.2628632304174973, 0.22938337921248408, 0.23775885395877636, 0.23403054025359282, 0.219728686841216, 0.21733062468665248, 0.21576259508781986, 0.20909951523000492, 0.2074700917272858, 0.19930057892344302, 0.20031953185945303, 0.197906194124545, 0.1931405661932787, 0.1847733676482095, 0.17788115520521192, 0.17719023702549802, 0.17078997950696118, 0.17636373208993827, 0.16701630991570887, 0.1619368726488974, 0.16272780677114285, 0.1561588596774261, 0.15949029719289512, 0.1519968757332856, 0.14706381444283, 0.14737008221204098, 0.1502888082684371]

test_01_custom_barrier_time = [0.00015311766666666667, 0.0003232106666666667, 0.0005192915, 0.0005618268333333333, 0.000783996, 0.0007074065, 0.0006693173333333334, 0.0006091635, 0.0007247821666666667, 0.000705999, 0.0006926983333333333, 0.0006873686666666667, 0.0007160644999999999, 0.0007688615, 0.0008040763333333333, 0.0007986856666666667, 0.0013128746666666666, 0.00084419, 0.0008462853333333334, 0.000937709, 0.0008975798333333333, 0.0009413115, 0.0009448348333333333, 0.0009569476666666666, 0.0009604769999999999, 0.0010116453333333334, 0.0010015468333333334, 0.001048734, 0.0010208351666666667, 0.001038761, 0.0010824763333333333, 0.0011280581666666667, 0.0011080431666666665] 

test_01_custom_barrier_speedup = [0.47373952179796047, 0.2948587963921356, 0.2725353393290519, 0.1953041427082111, 0.2164493352360583, 0.22876692271528404, 0.2513572573975077, 0.2112602568173932, 0.21688085488317502, 0.22104523614175484, 0.22275915981040742, 0.2138322269385882, 0.19914856793670468, 0.19042677954704965, 0.1917120502558996, 0.11662778676004615, 0.18137820474853608, 0.18092912713442588, 0.1632891085258504, 0.17058946845768036, 0.16266418360624157, 0.16205760124917779, 0.1600063117349155, 0.1594183584475908, 0.15135508623575586, 0.15288118495374073, 0.14600238636934312, 0.14999254695216058, 0.14740413499030736, 0.1414512834614706, 0.13573561292421535, 0.13818745629494883]

big_custom_barrier_time = [0.8673816016666667, 0.8699676565000001, 0.8716458633333333, 0.8698220518333334, 0.877221543, 0.8719624495, 0.8780011910000001, 0.8766589081666667, 0.8763481826666667, 0.9012576723333333, 0.8726186215, 0.8786498206666666, 0.8831179063333333, 0.8765821728333334, 0.870877984, 0.8786811766666667, 0.8695359395, 0.8793989038333333, 0.8767750670000001, 0.8807903505, 0.8722144405, 0.8797474688333333, 0.8783654326666667, 0.8695082098333333, 0.887597913, 0.874778509, 0.8750355221666667, 0.881742001, 0.8716984158333333, 0.8663268321666666, 0.8767245450000001, 0.8687460421666666, 0.9014835971666667]

big_custom_barrier_speedup = [0.9970274126698716, 0.9951078048482221, 0.9971943109955388, 0.988782832099994, 0.9947465079075823, 0.9879048121549378, 0.9894174274468944, 0.9897682437444951, 0.9624124468433513, 0.9939985009438246, 0.9871755291642235, 0.9821809697733306, 0.9895040402921632, 0.9959852213541164, 0.9871403015108783, 0.9975224280728728, 0.9863346404978642, 0.9892863452818357, 0.9847764580689132, 0.9944591162345777, 0.9859438445636388, 0.9874951465625716, 0.9975542402675251, 0.9772235704509443, 0.9915442511936089, 0.9912530173848849, 0.983713604073474, 0.9950478123072648, 1.0012175191403943, 0.989343353751624, 0.9984294138519503, 0.962171252358688]

t50k_custom_barrier_time = [0.10801816983333333, 0.11010059083333333, 0.10976967066666667, 0.11933628833333333, 0.111064005, 0.11069140316666667, 0.11166879483333333, 0.11141068183333333, 0.1130766135, 0.11212084933333333, 0.11304023933333333, 0.115943407, 0.1194938985, 0.1138712495, 0.11155552716666667, 0.11282231933333334, 0.113016775, 0.11225263666666667, 0.11116287383333333, 0.111284698, 0.11141173383333333, 0.11449368716666666, 0.11537313983333333, 0.11474024416666667, 0.11348911666666667, 0.11119027616666666, 0.11167562433333333, 0.11408923033333333, 0.112295252, 0.11306257233333333, 0.11310581966666666, 0.11241075716666667, 0.111297769]

t50k_custom_barrier_speedup = [0.981086195957365, 0.9840438545301639, 0.9051577801013391, 0.972575856897411, 0.9758496752515795, 0.9673084588631176, 0.9695494907294878, 0.9552653416997965, 0.9634084157906903, 0.9555727276444372, 0.9316456418546795, 0.9039638943015432, 0.9485991442759512, 0.9682906134444738, 0.9574184476228843, 0.955771121882865, 0.9622773508126357, 0.9717108429140213, 0.970647104001067, 0.9695403358045158, 0.9434421452083465, 0.9362505864829118, 0.9414148507164657, 0.9517932027843492, 0.9714713692357544, 0.967249303311857, 0.9467867345387269, 0.9619121726832522, 0.9553839754757393, 0.9550186732360271, 0.9609237812817093, 0.9705331095480748]

t100k_pthreads_barrier_time = [0.21609189416666666, 0.215350983, 0.21974296283333333, 0.22167582216666668, 0.2169420535, 0.21834111750000001, 0.2197282525, 0.21992119966666668, 0.21943843983333333, 0.22365134183333332, 0.220079732, 0.22058404233333334, 0.22417480466666667, 0.2231865585, 0.22122199583333332, 0.22363895766666667, 0.22222363766666667, 0.22542391933333333, 0.22640367783333332, 0.22133114966666667, 0.22112917566666668, 0.2214748355, 0.22128898516666667, 0.22043621466666669, 0.22017089783333332, 0.22272564666666667, 0.22176986766666668, 0.22320207233333333, 0.22088833383333334, 0.219660927, 0.2219032875, 0.22010648916666667, 0.219849686]

t100k_pthreads_barrier_speedup = [1.003440481934864, 0.9833848209763337, 0.9748103877751642, 0.9960811685903335, 0.9896985810135677, 0.9834506564724382, 0.9825878291596987, 0.9847495011848953, 0.9661998555219936, 0.981880031400014, 0.979635207881999, 0.9639437156552059, 0.9682119551418535, 0.9768101646161278, 0.9662533595275967, 0.9724073300015115, 0.9586023293612093, 0.9544539922436346, 0.9763284313667979, 0.9772201859622843, 0.9756950205147197, 0.9765144614130443, 0.9802921652117402, 0.981473465808572, 0.9702155876555691, 0.9743970019022857, 0.9681446588181841, 0.9782856813511676, 0.9837520815282121, 0.9738111435895994, 0.9817606695050225, 0.9829074496229513]

big_vec_pthreads_barrier_time = [0.618838095, 0.4095930033333333, 0.4164969236666667, 0.4277972055, 0.4484330876666667, 0.4811794695, 0.5313559395, 0.5763057351666667, 0.6417237133333333, 0.6440622538333334, 0.6426813733333333, 0.6394476603333333, 0.6398449161666666, 0.6406839825, 0.6436938863333334, 0.6404996616666667, 0.6388320136666666, 0.6394134726666667, 0.6363844211666667, 0.6388899883333333, 0.6369568076666667, 0.6382597795, 0.6442143171666667, 0.6392436435, 0.6383012051666667, 0.6400359006666667, 0.6371132666666667, 0.6411716085, 0.6415983736666666, 0.6435927213333333, 0.649377657, 0.6454725455, 0.6429767825] 

big_vec_pthreads_barrier_speedup = [1.5108610009541097, 1.485816724771951, 1.4465688112121153, 1.3800009678590004, 1.2860858249896714, 1.1646394610405968, 1.0738017292523263, 0.9643372718541792, 0.9608358374004934, 0.9629003121567571, 0.967769738460549, 0.9671688863412102, 0.9659022418279357, 0.9613856961188195, 0.966180205918766, 0.9687023846035694, 0.9678214824269227, 0.972428102286823, 0.9686144818364699, 0.9715542522686269, 0.9695708783103729, 0.9606090372559951, 0.9680786055403303, 0.9695079532842419, 0.9668802864892627, 0.971315662971074, 0.9651676505885085, 0.9645256602871449, 0.9615368143349273, 0.9529710305385514, 0.958736509111525, 0.9624579173665574]

test_03_pthreads_barrier_time = [0.002253701833333333, 0.002498224, 0.0029535708333333333, 0.0032347035, 0.0035039535, 0.003528753, 0.0037030126666666666, 0.0036812556666666668, 0.003714187, 0.0036585178333333333, 0.003719770833333333, 0.0036913875, 0.0037613618333333333, 0.0037901078333333334, 0.0037896351666666665, 0.0037752655, 0.0037934153333333337, 0.0037784215, 0.003815354333333333, 0.0038537573333333333, 0.003966324166666667, 0.0040141245, 0.007854297333333333, 0.0043663705, 0.004019853166666667, 0.003998460333333334, 0.004054782333333333, 0.004003243166666667, 0.0040024585, 0.004068534833333333, 0.0041418785000000005, 0.004175721833333333, 0.004182369]

test_03_pthreads_barrier_speedup = [0.9021216005183416, 0.7630430961392777, 0.6967259389719439, 0.6431882824167996, 0.6386680601712087, 0.6086130500228732, 0.6122100819403379, 0.6067820046037891, 0.6160149918635083, 0.6058711502164672, 0.610529735318585, 0.5991717716070123, 0.5946273648238768, 0.5947015304155707, 0.5969651229385942, 0.5941089059059004, 0.5964664962162991, 0.5906926687368399, 0.5848063690569688, 0.5682091878101239, 0.5614429331559929, 0.2869386958103445, 0.5161499312377026, 0.5606428244746419, 0.5636424136924036, 0.5558132713576817, 0.5629690077532553, 0.5630793756720608, 0.5539345060705514, 0.5441255298370855, 0.5397155086679425, 0.5388577223418912]

t1m_pthreads_barrier_time = [2.180477852, 2.1690832816666665, 2.152309181833333, 2.1586278793333333, 2.1474270591666667, 2.185279959, 2.1624572118333334, 2.1751989743333335, 2.1799833488333333, 2.191630331333333, 2.1798057303333334, 2.172785129166667, 2.208683816333333, 2.1804661788333335, 2.1493401535, 2.1593210035, 2.148014665333333, 2.1802308076666668, 2.1602015698333332, 2.1554617701666667, 2.1686602746666668, 2.149736393, 2.1416949451666665, 2.1539979945, 2.153092781333333, 2.1724068655, 2.151424335833333, 2.1372626985, 2.146980426333333, 2.154593574333333, 2.15796109, 2.150701589, 2.1481553546666667] 

t1m_pthreads_barrier_speedup = [1.0052531732781502, 1.0130876504195707, 1.0101221580967512, 1.0153908803059226, 0.9978025209171839, 1.0083334088961644, 1.0024268481775487, 1.0002268380476078, 0.994911331909452, 1.0003083401687196, 1.0035404894529463, 0.9872295146436315, 1.0000053535187934, 1.014487096632562, 1.009797917246073, 1.0151131122103532, 1.0001133110918645, 1.0093862917469463, 1.0116059037462766, 1.005449252458479, 1.0143001063293624, 1.0181085111681558, 1.0122933529035838, 1.0127189459293566, 1.003715227855415, 1.01350431696935, 1.020219860445948, 1.0156021104132162, 1.0120135314497427, 1.0104342761805774, 1.0138449067747446, 1.015046629315294]

med_pthreads_barrier_time = [0.0017996615, 0.0020322400000000003, 0.0024765355, 0.0027801641666666665, 0.0028400908333333333, 0.0028497948333333334, 0.0027092488333333334, 0.0028244236666666667, 0.0027286326666666667, 0.00280539, 0.0027556855, 0.0028443615, 0.002878961, 0.0028105983333333332, 0.002879105, 0.0027988381666666667, 0.0028603391666666665, 0.002911618, 0.002929453, 0.0029962666666666668, 0.002961307, 0.002969061166666667, 0.0029944595, 0.0030414225, 0.0030482773333333334, 0.0030260731666666664, 0.007002277833333334, 0.003199378, 0.0031459841666666667, 0.003144995833333333, 0.0032202113333333333, 0.0031669205, 0.003278575666666667]

med_pthreads_barrier_speedup = [0.8855555938275006, 0.7266851212106591, 0.6473220256477661, 0.6336633599453539, 0.6315056364583906, 0.6642658577011475, 0.6371783104777364, 0.6595470038839967, 0.6415013598822268, 0.6530721666169815, 0.6327119460729588, 0.6251079816642184, 0.640312590616826, 0.6250767165490665, 0.6430030579950764, 0.6291776587100539, 0.6180967077411941, 0.6143336315687605, 0.6006346230865076, 0.6077254063830599, 0.6061382366266508, 0.6009971081592522, 0.5917170337235291, 0.5903864062237557, 0.594718435702067, 0.2570108674398738, 0.5625035553785768, 0.5720503997026898, 0.5722301698862877, 0.5588644078639146, 0.5682686066795805, 0.5489156520916044]

t10k_pthreads_barrier_time = [0.021831698333333333, 0.0219077455, 0.0229848865, 0.022789771333333333, 0.0227561705, 0.023516772, 0.023854922833333334, 0.025067012833333333, 0.025391849166666668, 0.024956174833333334, 0.024415720666666668, 0.025033138333333333, 0.025120567333333333, 0.0247378855, 0.026024185333333335, 0.0244495605, 0.025033832, 0.024619946, 0.026244346333333335, 0.025468186, 0.025232942166666668, 0.024533486, 0.025470623166666664, 0.025160805333333335, 0.025023024166666664, 0.025687791666666668, 0.0253061165, 0.025366962833333333, 0.024678814833333333, 0.024878121833333336, 0.024803408, 0.025360341166666668, 0.026611367666666667]

t10k_pthreads_barrier_speedup = [0.9965287543318109, 0.9498284158737671, 0.9579603943371438, 0.9593748795885202, 0.9283458772884874, 0.9151862903042857, 0.8709333847829774, 0.859791588632822, 0.8748014661354786, 0.8941656333388043, 0.8721119199130912, 0.8690766432000169, 0.88252079319121, 0.8389003557152657, 0.8929280480658675, 0.8720877544170359, 0.8867484247663798, 0.8318629108168935, 0.8572145002134558, 0.8652062129391134, 0.8898734706243268, 0.8571324773044586, 0.8676867868140309, 0.8724644226821905, 0.8498861489001747, 0.8627044111384429, 0.8606350896941236, 0.8846331754896739, 0.8775460816371513, 0.880189461598718, 0.8608598042848359, 0.8203899403742283]

test_02_pthreads_barrier_time = [0.0003400915, 0.0004812485, 0.0008618113333333332, 0.0011021241666666667, 0.0010847645, 0.0009708741666666667, 0.0009592498333333332, 0.0010214675, 0.0009684433333333333, 0.0009839726666666666, 0.0010649873333333333, 0.0009625901666666667, 0.000962071, 0.0009662873333333333, 0.0011036121666666667, 0.0010622976666666668, 0.0010385916666666667, 0.0010932646666666666, 0.0010999978333333332, 0.0010858848333333334, 0.0011061148333333334, 0.0011730838333333334, 0.0011823786666666667, 0.001247549, 0.001246571, 0.0012260151666666666, 0.00124976, 0.0012882306666666668, 0.0012828808333333332, 0.0013890493333333334, 0.0013625146666666667, 0.0013586188333333334, 0.0013672705] 
test_02_pthreads_barrier_speedup = [0.706685839020797, 0.3946240747201437, 0.30857820768833516, 0.3135164360559366, 0.3502941078014744, 0.3545390243313395, 0.3329440241613169, 0.35117336068536104, 0.3456310439517629, 0.3193385398636979, 0.3533087203432544, 0.35349937790454133, 0.35195690584788103, 0.30816215177040607, 0.3201470836956245, 0.32745448564161406, 0.31107883604884945, 0.3091746998895604, 0.31319297365635307, 0.3074649120969809, 0.28991235778403446, 0.28763331882397514, 0.27260772923548493, 0.27282160422470925, 0.2773958342820936, 0.2721254480860325, 0.2639989163431394, 0.2650998371503719, 0.24483759636086838, 0.2496057534793509, 0.25032149684366956, 0.24873753949931635]

test_04_pthreads_barrier_time = [0.00020013966666666667, 0.00042967516666666666, 0.0006166986666666667, 0.0008197621666666667, 0.0007693146666666666, 0.0007811558333333333, 0.0006063565, 0.0006599415, 0.000719396, 0.000752931, 0.0006837385, 0.0008358213333333333, 0.0007656721666666667, 0.0008091191666666666, 0.0008809336666666667, 0.0008343206666666667, 0.0008692463333333333, 0.0008851791666666666, 0.0009621381666666667, 0.0009327171666666667, 0.0009783955, 0.0009675681666666666, 0.000990875, 0.0009885686666666667, 0.0010464338333333334, 0.0009876945, 0.0010649808333333334, 0.0010824215, 0.0011368636666666666, 0.0011465233333333334, 0.0011767411666666666, 0.0011849936666666666, 0.0011867628333333334]

test_04_pthreads_barrier_speedup = [0.46579295754816336, 0.3245339701291176, 0.2441435757891567, 0.2601531926251244, 0.2562096551370992, 0.3300693019150725, 0.303268799835541, 0.2782051424621025, 0.2658140874351922, 0.2927137592320261, 0.23945269004859093, 0.26139080846828916, 0.2473549940624733, 0.22719039382836617, 0.23988338616407281, 0.23024505136441953, 0.22610074231676264, 0.20801551544312158, 0.21457701629093348, 0.20455906294199708, 0.20684813076908107, 0.20198275934569615, 0.20245398566142428, 0.19125878798197624, 0.20263316912938834, 0.18792795175500027, 0.18489993654659176, 0.1760454419776514, 0.17456222725515108, 0.1700795997760482, 0.16889513614840698, 0.16864335572805406]

test_01_pthreads_barrier_time = [0.0001770655, 0.00035822016666666666, 0.0005479356666666667, 0.0005523863333333334, 0.0006759015, 0.0006047806666666666, 0.000586062, 0.0005721716666666666, 0.0006235285, 0.0006300733333333334, 0.0009525338333333333, 0.0006914493333333334, 0.0007622356666666667, 0.0007399285, 0.0007434533333333333, 0.0007717238333333333, 0.0008519548333333334, 0.0007990775, 0.000799798, 0.0008296003333333334, 0.0008111006666666667, 0.0009029423333333334, 0.0009573808333333333, 0.0009375638333333333, 0.0009446428333333333, 0.0009844703333333335, 0.0010040741666666666, 0.0010007773333333334, 0.0010250215, 0.0010060289999999999, 0.0011082108333333334, 0.0010696166666666668, 0.001159327]

test_01_pthreads_barrier_speedup = [0.4942923835015803, 0.3231501630057543, 0.32054648950402465, 0.2619693845922816, 0.29277638945689405, 0.30212759059621674, 0.3094621952036539, 0.28397338694221674, 0.2810236374601898, 0.18588893517868044, 0.25607877752431124, 0.2322975790077172, 0.23930082433640545, 0.23816626015531125, 0.22944153381293783, 0.20783437463136248, 0.2215873929625099, 0.22138777541329185, 0.21343470209148901, 0.21830274252846543, 0.1960983481041794, 0.18494782205270108, 0.18885700760286012, 0.18744174385486437, 0.17985864480087596, 0.17634703279721203, 0.1769279679928802, 0.17274320587421824, 0.17600436965534794, 0.15977600531788097, 0.16554108169593465, 0.1527312828908496]

big_pthreads_barrier_time = [0.9323024091666667, 0.8710863005, 0.8650324941666666, 0.8678438111666666, 0.8655066181666666, 0.8572932553333333, 0.8656080168333333, 0.8627813168333334, 0.866761554, 0.8698934698333334, 0.9161130595, 0.882230912, 0.8830518338333333, 0.8694973173333334, 0.8841615286666666, 0.8698766525, 0.8600131481666666, 0.8691594798333333, 0.8706713685, 0.8675153111666667, 0.8708904713333333, 0.8671128084999999, 0.8658257739999999, 0.8635174758333333, 0.871246793, 0.8693875246666667, 0.8637530275, 0.8663527503333334, 0.8768047968333333, 0.8710888673333333, 0.8698717306666667, 0.8696763333333334, 0.8657836625]

big_pthreads_barrier_speedup = [1.0702755956918721, 1.0777657665505445, 1.074274422621447, 1.0771753671179178, 1.087495327143532, 1.0770491851234494, 1.0805778833835864, 1.075615784830561, 1.071743197871448, 1.0176717813361407, 1.056755546065775, 1.0557731420131211, 1.0722314958094992, 1.0544480606078819, 1.071763917892562, 1.084055995136938, 1.0726482662830088, 1.0707856521948633, 1.0746812156120586, 1.0705162587659407, 1.0751800688764324, 1.0767783047847532, 1.0796566777840286, 1.0700784400668282, 1.0723669051084237, 1.0793622476381615, 1.0761233329125566, 1.063295288225804, 1.0702724419159741, 1.071769982054887, 1.072010785430135, 1.0768306790111861]

t50k_pthreads_barrier_time = [0.10694770183333334, 0.10824413816666667, 0.10830284366666666, 0.10923920849999999, 0.109595225, 0.10893288983333334, 0.11032201633333333, 0.11050526666666667, 0.1114317255, 0.10982605166666667, 0.11099929733333333, 0.11087732166666667, 0.11152676566666667, 0.11079119066666666, 0.11218622466666667, 0.11021198533333333, 0.1109373785, 0.11138814916666666, 0.11156466466666666, 0.11126773533333334, 0.11086635333333333, 0.11138958316666667, 0.11200856466666667, 0.11182345833333333, 0.11168352266666667, 0.11089586533333333, 0.11154621933333334, 0.11109604116666666, 0.111552306, 0.111128765, 0.11126845316666667, 0.113151975, 0.11217313316666666]

t50k_pthreads_barrier_speedup = [0.988023034269651, 0.9874874768985368, 0.9790230385396225, 0.9758427142545064, 0.9817760457559024, 0.9694139518824181, 0.9678063775542524, 0.9597599009927684, 0.9737917389394146, 0.9634989085756736, 0.9645588495982339, 0.958942018931856, 0.9653087144365378, 0.9533051152322998, 0.9703817739048322, 0.9640366779834566, 0.9601353701757877, 0.9586162621729031, 0.9611744277255384, 0.9646542762327711, 0.9601230096472562, 0.9548171798433962, 0.9563977310962257, 0.9575960650214448, 0.9643975590241123, 0.958774779392045, 0.9626598815784086, 0.9587224654354822, 0.9623764093242045, 0.9611682268390901, 0.9451686710137701, 0.9534163735484736]